3
50
1.45482	-0.890421	0.396985
-2.48863	-1.48209	-0.0955163
0.662427	0.653608	-0.235126
0.384787	-0.957766	-0.357076
0.181634	-2.61161	-0.514875
1.08028	0.27236	0.400155
1.3284	-1.07007	-0.15579
-0.955998	-0.109975	0.300564
-0.835032	-0.755834	0.418327
0.2149	1.22449	-0.175444
0.205674	-0.416709	-2.12778
-1.35969	1.4821	1.34737
0.28207	0.793043	0.558594
-0.333139	0.222633	2.04468
0.604098	-2.99773	0.847711
0.686727	-1.77944	-1.25925
0.25557	0.71979	0.0656913
1.44499	0.136764	-0.734698
-0.155625	0.810837	-1.72537
-2.19058	1.43594	-0.0140007
-0.188444	0.72375	0.0733396
-0.767084	-0.858304	-0.224929
-0.977176	-1.14627	1.25669
2.12899	0.588941	1.02823
0.488287	-0.159671	2.25476
1.96827	-0.505591	-0.370637
1.60829	-0.455722	0.201773
0.279979	0.299081	-0.351874
0.410814	0.380749	-1.47694
0.244066	0.966692	0.530217
-0.670165	-2.03202	-1.29284
0.606961	0.0696996	0.40819
-1.1758	0.0448124	-0.584077
-2.39883	-0.878269	0.181156
-0.199459	-0.0643799	-0.197231
-0.257433	-1.89798	-0.413875
-0.793901	0.46173	0.943963
-1.05115	-1.30351	-1.29652
-0.0511521	0.318655	1.50103
-0.248309	-0.908305	-0.571049
-0.712257	2.14757	0.423861
-1.43385	-0.0243749	0.0826576
-0.0308453	0.431012	0.685244
-0.057461	0.670751	1.14565
0.552325	-2.33955	-1.33393
-0.0263026	-1.23747	-1.5877
-2.09447	0.116456	0.764759
1.68471	-0.234052	-0.298495
0.318754	0.693679	0.887175
-2.03824	0.131952	0.864163
