4
36
-0.4801929030989182 -0.5593687196534994 0.6756636820835034 -1.959520355193323 
0.6561758980366159 -0.3135231791286214 0.6863937696285733 -1.918115936266973 
-0.2883625774895712 -0.4347365731415043 0.8531419201262781 -1.852241401319354 
-0.3733379540558504 -0.324609576716319 0.8690497078794998 -1.829033185490183 
-0.4036369287802328 -0.9054301636220817 -0.1314284920713596 -2.358985524550238 
0.06110959124978981 -0.9551885123182917 -0.2896213455400904 -2.654798240437592 
-0.1307310378116394 -0.3983792269832802 -0.9078564794398373 -2.070839093648602 
-0.4088430236221323 -0.8873030173642174 -0.2134027586791413 -2.352905384800904 
-0.2361472114872216 -0.8851650230125107 -0.4008957177896398 -2.475224645835374 
0.6921045033231964 -0.1653029670334335 -0.7026138950872628 -1.706238929394806 
0.8973108057003361 -0.3917343612406565 0.2034146213938139 -1.888814321940286 
0.82226517920776 -0.5391596393030044 -0.1821726060885245 -1.958554053676935 
-0.6065843710107574 -0.2743924004824295 0.7461663429845747 -1.844967247793088 
-0.5493624981543871 -0.2074680827266895 0.8094182109832239 -1.791826059244142 
-0.5864649685839236 -0.3104794485996816 -0.7481051748391365 -1.991109039053599 
-0.4219950764409893 -0.2251246766002623 -0.8782021609203605 -1.87563905747262 
-0.5920998755821876 0.08831414464713534 -0.8010108296339087 -1.545793974366184 
-0.6450751262042747 0.08709517680195783 -0.7591393230036071 -1.54878060005714 
-0.6208816788087577 0.1054185468523468 -0.7767836705925004 -1.522341211268912 
0.5064945695660806 0.7848741004416304 -0.3569816486263856 -1.173507170681576 
-0.2211787374958567 0.8014052651541133 -0.5557243624882793 -1.643060125310961 
-0.9893993064670699 0.09806599299603803 0.1071077652655597 -2.306675631054211 
-0.7076735398712822 -0.2046195987047795 0.6762610300704481 -1.999808311147718 
-0.5689083847576848 -0.008396396711129106 0.8223580426278273 -1.869115298001068 
-0.8323428935921338 0.2394081103360077 0.4998890518825313 -2.160090581152251 
-0.4808446125983984 0.8357574816885633 0.2651374932684678 -2.249714079219672 
0.002716024822131964 0.4860634081402586 0.8739193249243559 -1.894194306237602 
0.2340478009371596 0.6586736176033681 0.7151018755043032 -1.621494528191938 
0.2406510389506901 0.6995752421429454 0.6728161398425225 -1.616161937568815 
0.5983429580553713 0.4031057231796897 -0.6924532334283142 -1.428473947778694 
0.6993065362493878 0.1771851104384135 -0.6925141189880613 -1.543512234451293 
0.5554392705809054 0.7278273155190423 -0.4021872890593338 -1.197630963473663 
0.8054988499248517 0.418252979044437 -0.4198047740202521 -1.529569461442076 
-0.8650470082304698 0.2067707173464764 0.4570990527222053 -2.185465312448554 
-0.9460425940732268 0.1108110335818126 0.3045066912823592 -2.22723667445376 
-0.8684675108373626 -0.02476162443963199 0.4951273013832564 -2.194748567566347 
20
1
4
10
11
13
14
17
18
19
22
23
24
25
30
33
37
40
44
46
49
36
22 14 1 
14 24 23 
22 24 14 
24 22 13 
14 4 1 
44 4 14 
30 44 10 
4 30 1 
30 4 44 
44 25 10 
25 14 23 
25 44 14 
49 22 1 
22 49 13 
30 37 1 
37 30 10 
18 37 10 
37 19 1 
37 18 19 
40 18 23 
18 40 19 
19 33 1 
33 49 1 
49 11 13 
11 49 19 
40 11 19 
11 24 13 
24 11 23 
11 40 23 
17 18 10 
25 17 10 
18 17 23 
17 25 23 
49 46 19 
46 33 19 
33 46 49 
